CPLEX 20.1.0.0: optimal integer solution within mipgap or absmipgap; objective 3.61379011
867900 MIP simplex iterations
61233 branch-and-bound nodes
absmipgap = 0.000344754, relmipgap = 9.53995e-05
x [*,*]
:    1   2   3   4   5   6   7   8   9  10  11  12  13  14  15  16  17  18  19 :=
1    0   0   0   0   0   0   0   0   0   0   0   0   0   1   0   0   0   0   0
2    0   0   0   0   0   0   0   0   0   0   0   1   0   0   0   0   0   0   0
3    0   1   0   0   0   0   0   0   0   0   0   0   0   0   0   0   0   0   0
4    0   0   0   0   1   0   0   0   0   0   0   0   0   0   0   0   0   0   0
5    0   0   0   0   0   0   0   0   0   0   0   0   1   0   0   0   0   0   0
6    0   0   0   0   0   0   0   0   0   0   0   0   0   0   0   1   0   0   0
7    0   0   0   0   0   0   0   0   0   0   0   0   0   0   0   0   0   0   1
8    0   0   0   0   0   0   0   0   0   0   0   0   0   0   0   0   0   1   0
9    0   0   0   0   0   0   1   0   0   0   0   0   0   0   0   0   0   0   0
10   0   0   0   0   0   1   0   0   0   0   0   0   0   0   0   0   0   0   0
11   0   0   0   0   0   0   0   0   0   0   0   0   0   0   0   0   0   0   0
12   0   0   0   1   0   0   0   0   0   0   0   0   0   0   0   0   0   0   0
13   0   0   0   0   0   0   0   0   0   0   0   0   0   0   1   0   0   0   0
14   0   0   0   0   0   0   0   0   0   0   0   0   0   0   0   0   0   0   0
15   0   0   0   0   0   0   0   1   0   0   0   0   0   0   0   0   0   0   0
16   0   0   0   0   0   0   0   0   0   0   0   0   0   0   0   0   1   0   0
17   1   0   0   0   0   0   0   0   0   0   0   0   0   0   0   0   0   0   0
18   0   0   0   0   0   0   0   0   0   1   0   0   0   0   0   0   0   0   0
19   0   0   1   0   0   0   0   0   0   0   0   0   0   0   0   0   0   0   0
20   0   0   0   0   0   0   0   0   0   0   1   0   0   0   0   0   0   0   0
21   0   0   0   0   0   0   0   0   1   0   0   0   0   0   0   0   0   0   0
22   0   0   0   0   0   0   0   0   0   0   0   0   0   0   0   0   0   0   0

:   20  21  22    :=
1    0   0   0
2    0   0   0
3    0   0   0
4    0   0   0
5    0   0   0
6    0   0   0
7    0   0   0
8    0   0   0
9    0   0   0
10   0   0   0
11   0   0   1
12   0   0   0
13   0   0   0
14   1   0   0
15   0   0   0
16   0   0   0
17   0   0   0
18   0   0   0
19   0   0   0
20   0   0   0
21   0   0   0
22   0   0   0
;

objective = 3.61379

:    y      t        l      :=
1    0   3.06145    2666
2    0   0.722161   2666
3    0   0.658126   1333
4    0   0.787301   2666
5    0   1.03709    2999
6    0   2.67042    4999
7    0   0.36436    2666
8    0   1.69004    3333
9    0   0.332697   2333
10   0   2.30517    2666
11   .   3.53272       0
12   .   0.747545   1333
13   .   1.26453    1999
14   .   3.31576    1333
15   .   1.50229    1666
16   .   2.79417    2666
17   .   2.91229    2333
18   .   2.24056    1666
19   .   0.594767    333
20   .   3.42301     333
21   .   0             0
22   .   3.61379       0
;