Call_7_Vehicle_3.txt
average objective: 2122506.9
best objective: 1800993.0
Improvement: 44.459
-------------------------
runtime: 0.238282
-------------------------
Best solution: [2, 2, 0, 5, 5, 7, 7, 0, 1, 1, 0, 3, 3, 4, 4, 6, 6]
feasible: (True, 'Feasible')

Call_18_Vehicle_5.txt
average objective: 8959782.0
best objective: 8959782.0
Improvement: 0.0
-------------------------
runtime: 0.269699
-------------------------
Best solution: [0, 0, 0, 0, 0, 2, 1, 12, 7, 14, 3, 17, 11, 6, 8, 16, 4, 5, 13, 10, 9, 15, 18, 2, 1, 12, 7, 14, 3, 17, 11, 6, 8, 16, 4, 5, 13, 10, 9, 15, 18]
feasible: (True, 'Feasible')

Call__35_Vehicle_7.txt 
average objective: 18387821.0
best objective: 18387821.0
Improvement: 0.0
-------------------------
runtime: 0.269261
-------------------------
Best solution: [0, 0, 0, 0, 0, 0, 0, 5, 30, 31, 28, 13, 14, 16, 8, 11, 20, 6, 34, 24, 1, 12, 27, 18, 32, 2, 25, 17, 33, 19, 7, 22, 26, 3, 4, 29, 15, 23, 10, 35, 21, 9, 5, 30, 31, 28, 13, 14, 16, 8, 11, 20, 6, 34, 24, 1, 12, 27, 18, 32, 2, 25, 17, 33, 19, 7, 22, 26, 3, 4, 29, 15, 23, 10, 35, 21, 9]
feasible: (True, 'Feasible')

Call_80_Vehicle_20.txt 
average objective: 46770347.0
best objective: 46770347.0
Improvement: 0.0
-------------------------
runtime: 0.372725
-------------------------
Best solution: [0, 0, 0, 0, 0, 0, 0, 0, 0, 0, 0, 0, 0, 0, 0, 0, 0, 0, 0, 0, 73, 41, 36, 80, 46, 68, 18, 11, 49, 45, 35, 71, 22, 47, 78, 72, 79, 40, 43, 63, 57, 14, 34, 66, 75, 56, 6, 21, 1, 55, 16, 10, 32, 9, 31, 74, 29, 51, 24, 52, 27, 13, 65, 30, 3, 67, 4, 58, 77, 25, 7, 19, 5, 59, 54, 33, 39, 37, 8, 53, 12, 48, 38, 20, 2, 17, 60, 70, 69, 42, 64, 28, 44, 62, 23, 61, 15, 26, 76, 50, 73, 41, 36, 80, 46, 68, 18, 11, 49, 45, 35, 71, 22, 47, 78, 72, 79, 40, 43, 63, 57, 14, 34, 66, 75, 56, 6, 21, 1, 55, 16, 10, 32, 9, 31, 74, 29, 51, 24, 52, 27, 13, 65, 30, 3, 67, 4, 58, 77, 25, 7, 19, 5, 59, 54, 33, 39, 37, 8, 53, 12, 48, 38, 20, 2, 17, 60, 70, 69, 42, 64, 28, 44, 62, 23, 61, 15, 26, 76, 50]
feasible: (True, 'Feasible')

Call_130_Vehicle_40.txt 
average objective: 76627567.0
best objective: 76627567.0
Improvement: 0.0
-------------------------
runtime: 0.526037
-------------------------
Best solution: [0, 0, 0, 0, 0, 0, 0, 0, 0, 0, 0, 0, 0, 0, 0, 0, 0, 0, 0, 0, 0, 0, 0, 0, 0, 0, 0, 0, 0, 0, 0, 0, 0, 0, 0, 0, 0, 0, 0, 0, 59, 9, 33, 15, 18, 101, 110, 69, 92, 103, 39, 118, 23, 21, 42, 72, 47, 87, 22, 104, 111, 1, 78, 79, 84, 98, 86, 53, 100, 73, 99, 17, 50, 51, 45, 25, 2, 126, 63, 80, 26, 55, 20, 74, 66, 82, 122, 76, 64, 30, 93, 3, 6, 112, 95, 114, 11, 7, 77, 96, 91, 129, 29, 130, 57, 43, 54, 19, 68, 44, 113, 46, 70, 24, 8, 94, 5, 35, 61, 123, 28, 37, 128, 119, 48, 109, 27, 38, 32, 40, 105, 71, 34, 117, 106, 89, 108, 97, 90, 125, 75, 13, 120, 31, 102, 12, 36, 67, 52, 127, 85, 83, 124, 16, 81, 49, 60, 10, 121, 88, 58, 14, 115, 116, 4, 62, 107, 56, 41, 65, 59, 9, 33, 15, 18, 101, 110, 69, 92, 103, 39, 118, 23, 21, 42, 72, 47, 87, 22, 104, 111, 1, 78, 79, 84, 98, 86, 53, 100, 73, 99, 17, 50, 51, 45, 25, 2, 126, 63, 80, 26, 55, 20, 74, 66, 82, 122, 76, 64, 30, 93, 3, 6, 112, 95, 114, 11, 7, 77, 96, 91, 129, 29, 130, 57, 43, 54, 19, 68, 44, 113, 46, 70, 24, 8, 94, 5, 35, 61, 123, 28, 37, 128, 119, 48, 109, 27, 38, 32, 40, 105, 71, 34, 117, 106, 89, 108, 97, 90, 125, 75, 13, 120, 31, 102, 12, 36, 67, 52, 127, 85, 83, 124, 16, 81, 49, 60, 10, 121, 88, 58, 14, 115, 116, 4, 62, 107, 56, 41, 65]
feasible: (True, 'Feasible')

Call_300_Vehicle_90.txt
average objective: 170784643.0
best objective: 170784643.0
Improvement: 0.0
-------------------------
runtime: 1.137524
-------------------------
Best solution: [0, 0, 0, 0, 0, 0, 0, 0, 0, 0, 0, 0, 0, 0, 0, 0, 0, 0, 0, 0, 0, 0, 0, 0, 0, 0, 0, 0, 0, 0, 0, 0, 0, 0, 0, 0, 0, 0, 0, 0, 0, 0, 0, 0, 0, 0, 0, 0, 0, 0, 0, 0, 0, 0, 0, 0, 0, 0, 0, 0, 0, 0, 0, 0, 0, 0, 0, 0, 0, 0, 0, 0, 0, 0, 0, 0, 0, 0, 0, 0, 0, 0, 0, 0, 0, 0, 0, 0, 0, 0, 67, 233, 88, 244, 269, 215, 83, 100, 252, 171, 79, 21, 294, 46, 149, 152, 50, 73, 193, 224, 267, 122, 139, 4, 37, 146, 203, 169, 33, 17, 295, 290, 192, 29, 49, 268, 53, 114, 9, 255, 127, 229, 64, 16, 271, 12, 148, 144, 251, 23, 48, 273, 131, 160, 266, 78, 211, 129, 115, 230, 256, 7, 36, 145, 205, 170, 292, 239, 58, 92, 89, 297, 42, 236, 135, 283, 32, 85, 103, 143, 51, 133, 68, 130, 26, 206, 93, 62, 44, 263, 70, 57, 261, 90, 220, 238, 199, 113, 286, 279, 39, 187, 248, 117, 191, 126, 125, 213, 61, 181, 175, 275, 156, 123, 111, 52, 124, 242, 174, 121, 177, 60, 40, 296, 1, 184, 28, 240, 154, 246, 168, 223, 280, 247, 159, 282, 30, 147, 288, 158, 198, 180, 142, 173, 151, 8, 136, 219, 6, 108, 249, 183, 128, 241, 81, 178, 18, 208, 216, 69, 45, 34, 141, 287, 20, 87, 76, 95, 55, 262, 298, 201, 104, 80, 47, 212, 11, 22, 19, 163, 24, 110, 272, 284, 10, 102, 162, 134, 277, 254, 253, 13, 245, 202, 84, 157, 140, 15, 3, 167, 155, 176, 209, 172, 225, 2, 112, 300, 231, 71, 204, 195, 265, 38, 54, 31, 132, 25, 27, 101, 218, 165, 257, 214, 74, 63, 285, 291, 65, 94, 91, 137, 210, 182, 235, 97, 299, 86, 166, 82, 138, 221, 234, 260, 98, 227, 56, 116, 228, 72, 119, 189, 196, 41, 59, 75, 186, 258, 188, 179, 259, 237, 250, 243, 5, 107, 150, 77, 232, 270, 200, 281, 161, 194, 109, 164, 99, 293, 35, 118, 106, 66, 278, 222, 217, 43, 96, 120, 105, 190, 207, 197, 185, 14, 264, 226, 276, 289, 274, 153, 67, 233, 88, 244, 269, 215, 83, 100, 252, 171, 79, 21, 294, 46, 149, 152, 50, 73, 193, 224, 267, 122, 139, 4, 37, 146, 203, 169, 33, 17, 295, 290, 192, 29, 49, 268, 53, 114, 9, 255, 127, 229, 64, 16, 271, 12, 148, 144, 251, 23, 48, 273, 131, 160, 266, 78, 211, 129, 115, 230, 256, 7, 36, 145, 205, 170, 292, 239, 58, 92, 89, 297, 42, 236, 135, 283, 32, 85, 103, 143, 51, 133, 68, 130, 26, 206, 93, 62, 44, 263, 70, 57, 261, 90, 220, 238, 199, 113, 286, 279, 39, 187, 248, 117, 191, 126, 125, 213, 61, 181, 175, 275, 156, 123, 111, 52, 124, 242, 174, 121, 177, 60, 40, 296, 1, 184, 28, 240, 154, 246, 168, 223, 280, 247, 159, 282, 30, 147, 288, 158, 198, 180, 142, 173, 151, 8, 136, 219, 6, 108, 249, 183, 128, 241, 81, 178, 18, 208, 216, 69, 45, 34, 141, 287, 20, 87, 76, 95, 55, 262, 298, 201, 104, 80, 47, 212, 11, 22, 19, 163, 24, 110, 272, 284, 10, 102, 162, 134, 277, 254, 253, 13, 245, 202, 84, 157, 140, 15, 3, 167, 155, 176, 209, 172, 225, 2, 112, 300, 231, 71, 204, 195, 265, 38, 54, 31, 132, 25, 27, 101, 218, 165, 257, 214, 74, 63, 285, 291, 65, 94, 91, 137, 210, 182, 235, 97, 299, 86, 166, 82, 138, 221, 234, 260, 98, 227, 56, 116, 228, 72, 119, 189, 196, 41, 59, 75, 186, 258, 188, 179, 259, 237, 250, 243, 5, 107, 150, 77, 232, 270, 200, 281, 161, 194, 109, 164, 99, 293, 35, 118, 106, 66, 278, 222, 217, 43, 96, 120, 105, 190, 207, 197, 185, 14, 264, 226, 276, 289, 274, 153]
feasible: (True, 'Feasible')