-5.141 8.7272 -4.567 1.2364
12.7172 44.5367 1.234 9.81372
11431 17431 31989 22645
3767 9911 22016 13986
587 9262 1341 27957
15415 30374 15082 5235
18310 25871 31960 25074
3629 16462 17663 23238
15718 10452 5497 22780
9217 17282 16767 12257
7291 25192 16191 32640
23179 30455 1206 25236
2314 7830 15327 21762
7744 32281 10182 19682
3607 5078 18274 10832
31020 25077 11085 30847
23678 2132 31305 20625
712 8792 18479 7824
1493 25991 15568 10984
27678 13501 4783 12273
485 27571 29843 5418
9051 25148 26895 23266
26867 15795 25467 16296
18327 18635 5695 15707
10149 26977 26762 17596
6134 8823 18902 10341
13188 19489 14122 14043
3846 28800 28099 21895
10449 21182 15046 14074
29629 15949 18177 11819
9604 3397 27792 29132
4558 5769 13150 26993
13352 24655 7760 7150
23695 15224 29930 23180
12978 23408 7414 5487
13761 15444 19834 6138
22110 16556 4751 8927
26273 27874 28627 8562
23102 10723 10902 1879
27241 13263 6023 14314
9071 20920 15120 21490
30240 18413 12913 12399
21196 4019 25714 10619
21324 12227 25801 28305
31684 13647 29200 5074
31917 17288 14880 14825
11634 10848 6471 3629
21244 19243 32533 27722
29333 17617 991 14070
23792 19645 9972 26818
14468 7517 70 2827
6366 19670 2904 20038
30635 3017 16041 31015
4963 180 21426 1468
4160 2002 29613 5829
8230 16515 4339 31545
4644 8339 15913 7294
9715 4726 4344 12403
31559 32576 22644 24507
5905 25633 24106 7683
3173 21247 3210 15368
27202 6974 17430 9308
11716 20469 27071 6705
14989 11305 26484 12697
22242 5348 7326 1773
18604 11741 18833 27940
30472 14653 29755 21691
27647 26097 19167 10544
19240 26685 9190 3689
12344 17627 6946 29128
6129 29144 18554 27827
2305 24026 10538 3331
30614 14018 14474 11680
6175 23067 25290 26723
21936 12518 22618 10800
29671 31738 58 28556
321 24510 29446 4581
23902 21889 6581 28183
17799 24848 29625 30406
30558 32067 30333 17015
7765 29065 23404 20076
7616 24152 26926 25800
1905 6683 29275 17342
980 28752 21650 24983
10546 6519 28187 14329
28708 23793 4575 19514
12652 14041 31579 5132
19274 31770 5438 10180
23147 11119 5886 9054
9191 7606 11578 29426
5749 27621 11492 13167
28411 24354 20806 31472
12053 14267 31264 31043
18113 26902 24997 20028
21407 2582 24545 26944
8088 27411 22568 17968
10029 14079 9625 2557
31106 19148 21461 27742
10557 4880 6572 28583
23645 31222 13864 5601
30454 5323 12073 27657
27729 23330 17820 13494
7175 10363 23275 8453
31387 3579 30617 6973
21616 17338 29491 17239
14755 13837 12517 18061
29593 26179 24764 23854
31678 883 10551 26263
21202 29409 20941 31020
16832 17365 32305 18989
4298 20855 6293 6551
18617 3998 998 10768
2893 535 19565 16815
20659 21528 30958 3398
2779 28011 5087 22065
11406 19251 4285 32086
16997 6579 19429 21448
31700 7771 5991 29740
4127 31981 22153 29958
7082 18602 16593 25092
30281 21381 131 21886
17242 21864 20564 23605
14291 15701 13752 28319
14397 26305 7518 6898
13481 30854 20273 17992
20277 17854 17826 14275
2607 9102 32303 30710
18409 19545 28129 30383
4909 2499 8042 3735
31881 7662 1855 17212
7478 31249 12796 17414
9152 5424 9147 25050
17630 3161 11363 12129
13765 15016 5107 24750
27949 12647 2140 28361
20263 8636 27416 56
3104 4830 14122 25897
1868 15339 19134 7714
1651 4675 30937 28442
9151 23585 599 7894
9345 6795 21315 24768
31610 13575 32217 28196
13625 14117 28589 24387
13928 8709 11655 972
27122 18474 17828 8838
10640 21240 8116 236
15736 7710 27166 29615
7901 21616 15959 24669
12841 24484 8703 8435
20949 10695 29539 27745
681 19147 24814 15149
12836 32073 26163 8310
23072 5564 4107 29352
7900 3426 21078 13859
26106 3270 23248 14085
14543 16765 2262 14020
11041 1418 19400 15794
9395 791 25355 31618
21333 10064 774 12172
10189 10918 3670 14589
32067 22329 31516 9295
16353 32219 15025 28701
377 20391 5003 6268
5903 26313 15221 12627
28673 24449 15946 4998
30115 9436 29078 24154
30876 18960 3097 32045
10153 25945 19523 21444
8006 15830 27796 3886
16143 8672 6299 708
9225 25416 17645 16352
3297 5012 23922 9314
8661 26590 22533 17460
15452 17645 18188 5710
26157 19081 31562 14746
24413 23486 21420 24316
5910 20156 17959 13229
15549 22150 7272 28817
24237 12379 25448 27739
28372 10952 21331 11090
10765 19317 8743 21846
3132 20938 17527 26433
5003 15221 9695 24262
13083 26948 31430 3956
10904 2273 32202 23887
7614 18622 29137 32039
15007 15535 2006 7063
4101 16623 5455 8083
10379 21329 3382 27884
5149 31954 17903 32314
20783 32620 4399 16633
23433 10790 10184 30069
851 29732 9325 11001
31477 11115 10981 19069
31908 907 9948 26737
24489 22457 14846 29977
15759 6949 18126 1311
19109 7325 4536 21186
17551 16689 2814 23105
7441 24123 32194 25392
1748 28489 12330 21307
26315 11726 20796 22574
29714 21961 980 25549
20388 16264 10585 13218
27558 26313 5797 20798
29185 8883 11672 27537
4046 12037 3378 21056
259 2155 25559 17105
22993 12094 6495 24952
15925 5392 2414 19496
25526 19148 8236 14512
24763 18403 12914 4818
20668 29471 3521 1910
23830 28185 15911 31467
27188 2392 12127 13642
15527 8588 31411 12753
14169 16357 3533 16244
992 30416 26646 4166
6720 28487 22319 26418
5253 24900 19162 20945
5530 16768 17257 22388
1644 11046 27072 17553
3646 6007 10908 27634
32619 306 5391 8329
8951 11328 10782 6354
7421 23395 20877 8764
14874 4201 26577 23791
412 24885 31224 14206
28941 12351 731 13556
14602 23907 8412 26984
22180 25844 21124 26712
27151 11013 5619 11803
3864 2324 15190 3168
2104 20830 4839 4688
26173 13048 20389 547
24393 18967 21419 11978
29405 14518 29170 31848
11406 11779 1323 30453
21772 3042 21462 3399
19713 9665 25385 11192
31745 15157 15951 13646
15086 31873 7704 23514
19962 1102 8342 372
3925 9412 20037 16620
26706 5567 20778 15974
10613 24894 14606 30703
31579 9247 3670 21526
6793 18383 29705 5577
18482 19240 14024 17136
12748 24150 28998 20803
12789 32562 12598 21212
3888 17134 20841 18535
26466 22778 4097 13031
29249 10515 8401 5785
7098 28854 26705 8859
6779 7673 29895 20463
5004 26770 31739 21971
8169 15144 18585 23854
10696 16505 30887 11847
20620 8576 26530 18646
31997 506 24292 31325
9780 18699 9464 7236
19459 30496 26666 13036
24369 2955 31575 12270
15098 9948 21337 7183
13607 18826 16405 9675
22534 1853 14883 20455
19244 27089 21993 20311
28658 8137 21458 4645
30135 20289 19913 1766
31660 1176 19869 10409
1215 12153 26950 11103
28348 31135 27260 8417
9577 11515 6499 20258
16739 31824 7569 9646
21507 14716 3826 23665
9776 19480 24059 11985
16981 4511 5941 17634
1472 12751 4521 10907
25821 29221 4067 1620
1869 418 22715 2510
29131 426 31810 27655
16761 32588 3309 9863
942 18963 20557 10205
12787 23375 23694 29683
5493 17440 14609 12967
9570 18291 29822 4663
329 6783 16420 7447
31880 17674 14601 5040
9330 14783 23068 5523
8363 27422 3575 28119
22430 28815 22749 20066
2049 1019 2635 16967
26460 671 11436 25887
4172 5997 12857 25331
18263 22690 12686 6632
22956 16026 31545 7132
5605 28091 4223 4544
1584 15249 12002 4530
16883 21666 2841 17827
4317 10273 10694 8056
10513 7529 27483 14552
29758 19836 16976 5780
27322 29019 7162 21338
29287 30156 23215 15493
18645 7139 30346 5304
17696 20886 20898 6787
6060 23394 6998 18806
27836 14474 32143 28634
164 9169 3627 25845
4400 2696 287 13293
5092 28994 10590 6729
19834 11588 23632 11887
54 1424 15255 16439
2294 20664 32583 11891
13474 7863 14880 13469
25664 22613 28035 27446
25957 26716 5119 23809
7836 18961 11680 9327
29778 29307 8182 25575
24036 23837 17707 13777
17701 3008 30816 2654
17548 25615 18549 4650
8376 7502 4936 6336
4411 21629 6591 25728
11551 29436 7259 20351
13625 27076 24247 32518
30590 1960 26256 9444
7195 25223 14597 12999
15493 32409 8047 17385
9515 24772 27321 21740
29919 1997 15916 30165
6843 8274 1002 14001
15477 19854 15223 5863
13505 28147 7670 4984
23712 15431 24022 11625
32696 17654 11679 12161
26809 21010 19867 6178
26781 22277 14766 30931
6074 23898 21675 26404
9135 24238 31441 19195
23701 31267 10639 7551
774 10038 21413 6085
7392 24781 26223 5771
14733 5864 32269 15694
28688 19079 9909 23415
32364 29036 3796 589
6666 2198 18105 9257
12915 11524 26796 31331
31909 25902 20779 29120
2701 27660 10163 3877
1001 27403 12984 2293
16379 8552 23238 9332
25066 2753 12767 10208
189 218 9335 12563
1517 17216 16043 272
483 24090 5765 3561
17653 21339 5201 19
31819 20131 28542 28251
18826 14679 14436 23943
23498 17333 22472 3872
3400 1450 30826 1838
4403 24607 18847 9281
10681 25749 8788 23891
12719 5840 13029 32480
10636 21554 22575 7120
1223 13246 11394 18482
1481 22185 10631 29098
30788 15445 30180 31059
26734 9378 3487 31517
25224 31745 13363 16760
23358 21672 26170 27347
22529 20623 1132 409
26143 10540 16895 26678
19547 3010 4951 25984
28784 27174 28272 5158
20786 16085 6257 25301
14892 22875 2015 25543
12658 24606 32470 15112
12001 23555 2059 18023
10466 6935 6676 14016
11813 4848 26280 8878
29898 5440 11849 28300
17472 20862 10698 18282
15639 21799 5832 19887
8811 20315 2964 9149
22233 27404 7931 3135
8382 21740 26181 25105
25643 20848 19451 23049
10101 9672 1570 17113
17638 5436 8560 30668
32023 7933 1646 8590
2181 2042 23667 4578
14184 10774 2934 4172
4130 21815 6904 4120
20126 4762 21972 29051
17430 15195 30770 9845
19614 13413 28984 9870
27089 10347 16020 27423
30993 22760 6721 20435
12202 24836 21282 4484
11090 15401 13045 11280
22450 30439 25041 31470
21108 26012 29753 28276
7542 24898 25638 12621
16748 22944 7519 32356
1183 4139 11752 26869
15672 20213 25087 16730
3560 4768 30463 1184
16405 22266 21854 8370
11176 11944 19907 17340
6990 11671 18252 21834
30181 7091 8912 12177
25179 26347 30027 6904
9596 6850 27203 25171
17452 24526 31469 1915
20883 5285 30988 15168
2402 340 27152 21214
7161 10404 12634 13781
25695 11250 19241 10798
16132 10542 3419 28698
24985 16603 3254 7102
28073 3489 20127 11966
31510 3502 12782 16178
5224 30305 30968 28943
6948 822 25914 20488
23697 24072 26652 9642
15409 30130 5615 6272
5089 8444 2978 27409
13378 29947 7554 19623
10209 19775 2415 29025
10767 20031 10299 15569
20388 19609 31798 25022
480 22481 2018 7787
10589 10948 18207 28113
28548 21245 888 30890
29082 28416 6142 13512
17203 20927 25386 25685
5544 23571 26402 3048
27656 15203 28844 24821
3432 24118 15524 28281
25878 13245 31766 5207
27509 32385 29129 20313
27848 27190 13503 27130
23230 7149 2378 25578
15984 25924 23519 12742
25680 18823 30937 30422
4771 8508 5677 26289
10059 17464 17127 31523
19592 6580 14282 13299
13638 10322 24480 1013
28775 12611 18949 8973
25342 7549 9998 7098
26072 29263 15199 25239
25401 21072 9322 27140
26527 13765 14417 20333
4918 17332 25433 4546
28678 14178 2247 17192
12251 22913 11482 19706
26116 20249 10513 19188
26530 25337 1981 8831
27544 30105 12503 1926
7438 13849 19690 8745
13951 30987 26187 366
29525 137 10546 12607
22899 8626 22573 5017
14734 15787 10268 19807
16638 28818 1713 30075
30881 17804 10442 3173
30876 31040 5965 25121
797 25968 21898 22645
5466 24258 18256 32242
19689 29074 23314 10876
26513 8762 5293 9609
23075 27190 5199 950
15578 16477 21880 17662
10626 6167 4522 27426
4487 14109 25530 19241
7151 5128 12112 18288
15022 12512 18982 10548
9868 15022 2963 1075
28473 12477 30667 19105
13783 22902 4512 16885
21305 32468 12000 29960
32055 10580 2812 24236
6533 7904 2215 15644
12199 8434 29798 30423
11425 248 11578 15727
31226 14059 3121 3509
30905 26477 13017 21746
26611 9451 26515 3357
27818 3745 9743 16243
14646 17970 9965 12827
19518 1972 16152 22863
28786 1083 18299 1848
4996 29061 2767 21545
31382 19627 7901 27871
9800 22932 16143 11200
763 17514 3708 10743
8425 10220 913 11017
28420 7576 6237 9792
17501 20024 25748 13116
14794 8819 26079 18891
28028 5595 30095 2494
21119 13891 5486 31221
19206 8414 32277 6555
5720 29843 26243 18397
7458 15863 24241 29183
20128 1551 21748 29856
28736 31240 13866 9389
3766 22240 3610 22369
19739 24047 32564 13017
31212 111 14302 1448
2423 27900 18944 28603
175 29375 32558 15788
5025 22505 12536 8413
16143 860 9441 25306
28875 20318 19784 13956
17157 13953 3770 1440
26306 30969 18088 32260
24388 32307 1734 18569
21300 4081 16149 1426
25838 25590 11445 10078
16415 14507 28841 6900
13037 27292 11727 11569
2249 30859 13 28367
30122 1170 6690 21539
19761 1006 3587 26539
4818 11402 18698 27615
15980 12442 2742 26562
8419 17362 18133 26986
13835 17264 6760 14522
27883 15607 12171 22406
18105 22266 16938 22152
12682 1359 15059 2673
12059 17025 14578 19775
6102 149 21833 20455
29781 14790 32199 20855
7039 27635 20448 10986
27865 9204 30837 27321
21965 17524 7799 20945
7306 22085 19815 24664
17328 2208 23076 1034
19578 26248 27911 27543
3028 16068 16163 15972
10648 21988 8167 6884
4975 32392 15674 13142
27917 5369 27914 13851
20976 29710 24421 5878
29331 5361 28231 3021
24018 12616 5658 17186
29991 29967 16818 10192
29418 27237 16554 23805
5894 3039 31879 11292
4185 29995 25434 17644
29643 15181 23159 17884
9056 13400 265 10051
12035 7195 15506 15686
16746 7187 14366 28901
329 3482 7050 10484
25223 7429 25689 17972
8494 28460 13184 11348
26485 26868 2042 21184
27981 5680 19513 29579
19739 24057 8365 20364
9782 10292 6385 30343
7488 764 31649 6979
25624 4426 12336 20325
11186 17458 22627 19444
5450 23779 24872 10857
3233 15294 22312 3424
22294 2156 5331 14968
9526 14523 14765 14017
28627 9552 10136 6822
8637 200 26045 31128
30237 27580 8411 18775
29138 11505 11030 28520
16617 11267 11605 23713
23886 13187 29709 7668
11201 7269 12618 10125
11940 16265 28460 14932
25439 8472 17059 28542
27962 15171 20853 17
27354 5540 18243 9310
7550 20957 7239 2552
12751 6756 18126 4350
18645 21555 1959 126
20968 2690 32457 23794
6792 91 3451 12327
26280 16276 12550 3694
1375 19665 27815 24009
17596 7253 18456 18012
25627 15212 18696 27124
11532 30326 24513 7458
14420 10275 19276 28595
3295 4667 3179 17939
6354 1207 18132 10491
5727 16507 24481 30147
27327 21649 4934 22857
31944 19427 22763 21198
25494 16254 6636 3129
7736 32497 9367 24268
11105 6712 27913 28252
29614 14860 7302 12774
1251 27138 18695 28954
910 31661 18747 25768
28203 32513 12629 19404
18142 19736 8655 12484
16980 19188 3641 28571
16013 12776 3280 21775
20783 9352 2724 21705
28440 7351 28601 24002
8136 3998 30068 18144
8504 9222 3065 3987
8097 14017 16076 27267
32272 28532 20807 4703
14133 10181 5133 31829
21792 11000 14588 12846
30284 11236 14951 19484
32513 15222 31632 24441
12771 22019 30612 10730
20425 16875 11661 7494
25136 15847 10710 11313
22058 2884 17099 24045
8740 10681 24632 5179
18243 1623 29863 12860
583 16745 31567 7602
9789 30808 29105 23496
20699 4635 15702 25671
11338 23198 15891 21375
25448 29624 17598 9101
8874 21131 15059 10499
7983 26737 5035 32629
23783 18711 7311 11602
2051 565 31891 17826
5989 7378 13940 15031
24921 6864 20708 13707
17683 5146 16635 13824
14897 32198 30863 31885
11790 16630 5813 25712
32018 11132 30119 26425
31405 32642 26306 28804
27752 21403 29575 9811
5293 10550 10366 4774
30999 24641 27416 3590
13840 28755 23347 8432
28727 21261 32178 19048
8163 1123 15168 29770
20113 10294 7456 11047
11495 29760 19753 28758
10456 10960 17604 11400
14434 17140 18610 12562
14060 21830 30155 3507
26011 9830 31301 25032
4862 5285 28963 23232
1902 1648 18538 17259
23174 10578 32173 4940
8790 16785 14872 10275
10019 9151 1234 2727
30445 21415 6965 25317
23205 14728 14231 6836
23425 3566 7968 6278
11660 27752 11592 1835
12236 31438 27658 8246
16415 21467 31040 3101
20351 21904 4233 6258
4454 23773 16393 16239
13074 8721 17230 21612
6423 22811 1505 3083
10230 10971 8809 8448
15223 6399 14996 27188
8896 5518 18589 27564
7839 25020 14440 14471
14944 30136 3553 14073
6861 18412 29957 13172
7135 29725 7442 9157
6691 4613 2846 1254
9963 14433 29912 14256
2647 643 8910 14862
32481 1079 28833 506
23705 24066 31532 8580
8252 26355 28235 10828
7373 31166 17168 20535
1735 6695 1102 9507
23562 19345 12892 16574
14999 19194 30512 11697
23986 31370 32365 11544
1070 29274 7860 26699
20889 14681 9572 31549
28357 28635 16075 13446
29075 9093 4743 6096
27686 29103 13815 31813
10685 28663 630 11326
22770 2672 26019 21945
3479 21675 18671 24798
15112 11953 32432 296
10610 5215 1550 11775
26253 21390 13949 23055
20338 22640 21838 10185
9175 11702 6206 8007
32493 32437 18087 14758
22441 6210 18264 26248
11221 15421 409 3333
26294 29971 24252 13618
1904 27738 14125 9128
647 28343 18865 6152
29208 1730 16415 16840
20020 23193 6447 31103
14699 11959 12447 5913
27406 31706 18658 5191
24289 1680 26720 4843
4835 4112 9100 20820
27157 11543 19624 26414
2677 16620 20043 9568
32290 30227 29491 10623
1260 10360 4125 7274
6358 4650 13230 7841
24884 14430 13711 18267
24764 22749 14204 20802
30011 5668 19327 9055
25190 7111 25932 25772
28166 20046 7506 12360
25340 18335 13502 24603
4619 7095 5184 9631
6786 2371 4857 18487
16902 12926 1866 3375
12068 9447 30095 9267
13958 6713 21586 26305
2598 21563 4041 24209
15704 26774 2223 17212
7945 11549 19405 9001
30004 21995 29502 9773
28099 7783 10504 23198
25461 12435 14943 26531
11299 12998 28895 16986
14511 6222 25367 12981
3882 5170 26447 30239
5762 20807 12053 14282
23424 17304 20091 8332
22330 12676 23144 5154
29358 14710 29242 28294
23871 23022 18297 900
24508 22923 29260 7079
5719 19538 7141 2385
9481 9772 9922 16279
25996 28831 29460 21206
5533 8941 6948 1234
5638 28934 25361 29215
22307 29325 13299 17984
7302 15704 28095 20283
21243 24553 20856 14777
19710 24504 23823 16497
23509 12165 17695 13156
2911 8608 15400 3585
25680 21272 28407 14681
11045 3973 26068 32253
3516 14910 31800 20966
32290 8452 17379 28100
32560 14724 8170 28952
2878 17726 28971 26963
19039 14151 13798 9745
13563 28013 14143 16828
7932 17834 15587 30739
25885 27955 21210 1490
13228 8395 5449 3285
30038 4326 2404 12221
18269 17498 6767 3065
5895 29106 4304 27774
20329 1350 28924 12729
3565 17906 18552 20134
11584 28886 2958 13586
24361 6511 31305 24986
22619 19045 14771 13529
7456 24243 29188 2991
11884 15773 9894 3581
28802 29591 30567 12762
5773 12032 13309 21022
23040 14446 30125 23564
14950 11131 13495 4338
11619 30103 7608 9427
8971 19845 28561 22997
13316 6372 21290 2548
13187 32648 30151 2950
8835 31561 628 19326
21095 31586 29676 15635
26509 1487 4475 20664
29052 11489 7770 17857
10315 25591 2390 2644
9917 32303 24102 16079
13937 24176 5877 21836
31842 9699 1379 20004
9922 9626 23040 15656
16863 21792 12044 30655
15115 2913 7810 27496
3711 21315 28843 3281
32206 30599 17429 22192
31777 1075 25038 22780
3729 28896 2261 5851
2266 15733 27310 21263
4026 12151 28159 9785
2430 15235 16242 4568
32171 8498 32199 10172
24418 19414 20824 27867
21874 17803 15518 12563
5517 32399 29826 3794
1722 20403 28959 22374
27704 3985 8426 26815
23153 26247 21584 2175
26881 16675 6260 6626
27144 14293 11977 6741
30231 834 7378 18882
1977 17022 30764 17165
17788 1388 6595 28511
631 5117 20207 26644
4687 16779 9848 18182
3965 435 10577 14956
7531 31108 18907 19419
8835 30095 578 26023
17726 4379 3800 17140
24229 16641 16295 4890
12557 23650 19280 29648
615 26868 2045 3061
5426 7160 14940 10198
3928 6608 23840 29593
16942 907 10992 10036
26758 27853 11419 9754
32754 28519 31746 5727
26873 25152 32714 12766
5831 30107 10978 1456
3676 27883 18608 20533
25469 22164 3988 25470
6296 15137 5506 7728
26964 18953 15599 253
6932 24179 26039 24591
11606 3169 28581 19560
27562 5986 22555 24399
16659 330 10006 8959
13374 29878 24894 21881
8828 7205 26558 3940
28579 23657 30029 16635
19778 12040 28553 13827
7537 30646 24326 12436
305 24316 3521 6851
10776 20286 7043 27924
31269 18865 13577 25519
2335 31575 19421 8534
19739 21346 29519 28613
12013 31601 26091 21771
20594 28190 8583 19530
18053 27242 31105 17393
13445 15853 10508 29162
21099 29456 18726 27795
12613 15817 1433 1167
24803 31215 18943 11980
28097 10324 24598 1385
14348 9890 1655 30901
20769 26381 7809 14074
31181 9514 31684 6356
17527 26436 15338 674
28913 2231 19296 9595
24505 29940 22272 29635
5796 1266 18943 3373
6101 22585 17530 10100
23909 12793 32534 13011
15429 23211 19203 18696
21050 359 5539 2568
5516 20011 3568 11675
13651 27328 9150 7853
31595 12715 27901 4390
26809 27883 22527 21481
5970 10127 11071 22696
2651 6347 16266 9109
3871 25559 14991 9966
5203 2836 20591 12663
10772 16808 15578 5595
32546 5989 31607 24354
26998 17882 6276 5468
680 1967 9958 31883
11033 31690 5257 27160
29965 15144 30069 28134
18912 13040 23813 4422
7869 4747 766 5971
26739 31495 17648 1983
8422 512 22514 30733
18457 1940 13704 12882
17326 3473 15427 23533
18239 4614 22490 27290
22011 1329 28942 23223
22885 1866 12341 30454
8204 10716 27048 7835
28989 25207 167 30898
29186 30136 9415 3939
27389 12668 29744 12159
18467 13003 19148 16046
9656 31464 9592 9423
10817 10731 1490 13113
6414 29475 5450 23075
26848 31141 18439 18135
28079 461 28691 2506
11973 4164 400 8989
19160 23889 12330 21548
6079 3789 27803 13913
9519 26150 26378 31448
11932 7251 17550 27816
8835 31130 1170 5663
3655 29982 1777 14490
10364 27113 27935 11374
8752 10776 5111 23901
13712 8192 4587 30880
252 19968 31372 326
9569 5813 30769 5418
12710 13667 1373 8895
26545 12214 31547 28188
2659 27271 19594 32529
22686 2083 18148 25219
15579 3253 25164 31254
22114 25593 11820 31655
12465 18736 30167 4260
12508 17453 211 23230
10521 21723 7699 9122
4834 26610 32064 5762
21066 7242 19570 31178
20414 24966 25209 10971
15604 24449 16200 16596
23721 26550 28172 23779
18463 10930 9085 8473
11810 17478 2702 29996
7366 13631 31369 24494
14993 16558 30174 20099
31371 27467 2945 22460
7793 6116 32290 5377
12854 4906 25512 18683
30431 26824 16380 25462
30026 20740 25517 5156
29539 9581 10112 25355
4272 11793 26333 29079
2322 3544 28062 10227
25272 12662 29994 13891
29198 11583 5315 10506
31911 24614 955 6474
27682 18195 25206 29230
11581 4895 28964 10928
12417 2890 15411 24706
32552 11209 11458 31656
31367 27116 10555 28026
1850 11710 17170 25907
7250 2366 740 29522
3614 611 15573 25821
1656 20684 479 22684
8576 23535 15425 574
29465 2803 31149 29866
25837 15250 28744 1854
6104 26230 21782 13720
8235 9211 15565 30566
23591 8190 2866 11339
30709 31578 26902 23648
19362 13556 3947 28201
28770 24416 10789 29830
4228 22991 25563 19171
6363 22531 27251 24184
11353 5651 16119 26438
24938 3784 30357 24218
32723 3345 29320 26078
28846 21245 25824 25514
22970 22681 15598 13068
25638 3610 2047 8611
516 24357 4065 8545
4118 13764 32049 21459
19358 12258 14815 27015
14518 28628 1067 24708
7594 9936 8801 8492
21355 9884 3199 8576
25172 30963 9526 142
6752 11407 4921 9933
24086 2859 18574 3328
698 9960 20016 26148
18234 19820 29212 10063
21150 2324 6389 32206
6579 22297 21024 29547
10538 3894 17307 7402
23597 8119 19166 30142
6586 6286 12637 25741
9495 15321 24796 8631
5374 12230 29478 31521
18038 3409 16671 28926
18957 11476 20478 17343
19735 20661 11296 7292
6167 11178 12259 27874
28185 20371 26117 2394
12280 25908 25345 23621
24776 31490 16474 22414
23205 2887 26491 29114
121 3749 711 31244
14955 481 27656 7572
27585 31638 16758 23400
4070 114 16096 8532
8113 21990 2816 25673
5283 26722 2979 3562
11300 29880 24619 16565
15196 6278 13745 8164
13928 28887 25265 3198
10380 13821 5922 23212
