Call_7_Vehicle_3.txt: 
average objective: 3123940.2
best objective: 3078394
Improvement: 5.065
-------------------------
runtime: 0.040182
-------------------------
Best solution: [3, 3, 0, 2, 2, 0, 0, 1, 1, 4, 4, 5, 5, 6, 6, 7, 7]
feasible: True

Call_18_Vehicle_5.txt: 
average objective: 8959782.0
best objective: 8959782
Improvement: 0.0
-------------------------
runtime: 0.03495
-------------------------
Best solution: [0, 0, 0, 0, 0, 4, 7, 11, 16, 1, 17, 9, 12, 5, 18, 13, 14, 10, 2, 3, 15, 8, 6, 4, 7, 11, 16, 1, 17, 9, 12, 5, 18, 13, 14, 10, 2, 3, 15, 8, 6]
feasible: True

Call_35_Vehicle_20.txt 
average objective: 18387821.0
best objective: 18387821
Improvement: 0.0
-------------------------
runtime: 0.063626
-------------------------
Best solution: [0, 0, 0, 0, 0, 0, 0, 19, 23, 5, 20, 32, 9, 2, 6, 30, 11, 1, 10, 18, 3, 13, 28, 24, 14, 35, 16, 4, 31, 17, 15, 22, 8, 34, 33, 21, 12, 26, 7, 29, 25, 27, 19, 23, 5, 20, 32, 9, 2, 6, 30, 11, 1, 10, 18, 3, 13, 28, 24, 14, 35, 16, 4, 31, 17, 15, 22, 8, 34, 33, 21, 12, 26, 7, 29, 25, 27]
feasible: True

Call_80_Vehicle_40.txt
average objective: 46770347.0
best objective: 46770347
Improvement: 0.0
-------------------------
runtime: 0.15384
-------------------------
Best solution: [0, 0, 0, 0, 0, 0, 0, 0, 0, 0, 0, 0, 0, 0, 0, 0, 0, 0, 0, 0, 52, 5, 31, 51, 70, 19, 76, 62, 14, 7, 55, 54, 33, 22, 29, 42, 36, 30, 15, 40, 56, 65, 74, 67, 3, 6, 8, 50, 34, 12, 47, 18, 11, 53, 57, 1, 63, 39, 41, 68, 80, 59, 71, 17, 4, 26, 49, 78, 23, 58, 37, 69, 64, 21, 43, 13, 66, 25, 77, 75, 73, 27, 20, 79, 28, 44, 60, 2, 9, 61, 38, 35, 10, 45, 46, 72, 16, 24, 32, 48, 52, 5, 31, 51, 70, 19, 76, 62, 14, 7, 55, 54, 33, 22, 29, 42, 36, 30, 15, 40, 56, 65, 74, 67, 3, 6, 8, 50, 34, 12, 47, 18, 11, 53, 57, 1, 63, 39, 41, 68, 80, 59, 71, 17, 4, 26, 49, 78, 23, 58, 37, 69, 64, 21, 43, 13, 66, 25, 77, 75, 73, 27, 20, 79, 28, 44, 60, 2, 9, 61, 38, 35, 10, 45, 46, 72, 16, 24, 32, 48]
feasible: True

Call_130_Vehicle_40.txt 
average objective: 76627567.0
best objective: 76627567
Improvement: 0.0
-------------------------
runtime: 0.284571
-------------------------
Best solution: [0, 0, 0, 0, 0, 0, 0, 0, 0, 0, 0, 0, 0, 0, 0, 0, 0, 0, 0, 0, 0, 0, 0, 0, 0, 0, 0, 0, 0, 0, 0, 0, 0, 0, 0, 0, 0, 0, 0, 0, 37, 57, 62, 106, 34, 16, 92, 113, 82, 55, 66, 25, 74, 7, 14, 52, 101, 56, 45, 31, 112, 103, 70, 127, 18, 76, 46, 5, 122, 53, 28, 125, 17, 38, 43, 108, 32, 27, 36, 99, 104, 39, 6, 126, 49, 4, 80, 130, 47, 72, 84, 81, 44, 100, 30, 85, 3, 35, 61, 79, 102, 98, 121, 129, 33, 110, 75, 111, 8, 21, 96, 107, 12, 58, 123, 24, 91, 20, 1, 73, 68, 2, 78, 51, 15, 19, 120, 23, 117, 115, 41, 90, 26, 29, 119, 63, 40, 105, 65, 124, 77, 88, 109, 11, 22, 10, 114, 87, 48, 95, 54, 97, 118, 86, 59, 93, 116, 128, 9, 89, 94, 69, 83, 42, 67, 64, 60, 50, 13, 71, 37, 57, 62, 106, 34, 16, 92, 113, 82, 55, 66, 25, 74, 7, 14, 52, 101, 56, 45, 31, 112, 103, 70, 127, 18, 76, 46, 5, 122, 53, 28, 125, 17, 38, 43, 108, 32, 27, 36, 99, 104, 39, 6, 126, 49, 4, 80, 130, 47, 72, 84, 81, 44, 100, 30, 85, 3, 35, 61, 79, 102, 98, 121, 129, 33, 110, 75, 111, 8, 21, 96, 107, 12, 58, 123, 24, 91, 20, 1, 73, 68, 2, 78, 51, 15, 19, 120, 23, 117, 115, 41, 90, 26, 29, 119, 63, 40, 105, 65, 124, 77, 88, 109, 11, 22, 10, 114, 87, 48, 95, 54, 97, 118, 86, 59, 93, 116, 128, 9, 89, 94, 69, 83, 42, 67, 64, 60, 50, 13, 71]
feasible: True

Call_300_Vehicle_90.txt 
average objective: 170784643.0
best objective: 170784643
Improvement: 0.0
-------------------------
runtime: 0.922518
-------------------------
Best solution: [0, 0, 0, 0, 0, 0, 0, 0, 0, 0, 0, 0, 0, 0, 0, 0, 0, 0, 0, 0, 0, 0, 0, 0, 0, 0, 0, 0, 0, 0, 0, 0, 0, 0, 0, 0, 0, 0, 0, 0, 0, 0, 0, 0, 0, 0, 0, 0, 0, 0, 0, 0, 0, 0, 0, 0, 0, 0, 0, 0, 0, 0, 0, 0, 0, 0, 0, 0, 0, 0, 0, 0, 0, 0, 0, 0, 0, 0, 0, 0, 0, 0, 0, 0, 0, 0, 0, 0, 0, 0, 177, 286, 75, 133, 206, 171, 146, 169, 83, 102, 68, 73, 47, 170, 263, 85, 11, 273, 110, 258, 159, 225, 181, 281, 196, 207, 32, 80, 7, 180, 299, 54, 127, 267, 123, 95, 67, 48, 29, 191, 237, 100, 43, 5, 259, 200, 79, 3, 21, 268, 124, 38, 12, 45, 176, 23, 138, 266, 288, 39, 300, 28, 106, 115, 22, 98, 223, 260, 152, 114, 131, 34, 140, 292, 293, 143, 242, 155, 25, 109, 227, 185, 16, 253, 182, 92, 71, 137, 234, 262, 210, 256, 203, 9, 161, 84, 190, 77, 37, 240, 111, 62, 193, 46, 149, 213, 72, 162, 192, 174, 160, 145, 186, 231, 199, 219, 96, 239, 64, 294, 296, 82, 59, 148, 275, 235, 173, 183, 116, 269, 49, 236, 179, 1, 214, 136, 122, 209, 151, 91, 277, 55, 194, 265, 211, 290, 157, 285, 212, 74, 33, 117, 187, 246, 204, 156, 297, 167, 224, 215, 164, 198, 41, 40, 165, 51, 126, 4, 154, 76, 233, 278, 56, 121, 14, 66, 175, 86, 168, 141, 205, 108, 229, 24, 153, 172, 226, 26, 272, 119, 2, 15, 57, 134, 222, 270, 217, 245, 189, 105, 284, 101, 295, 241, 249, 81, 291, 178, 13, 69, 202, 94, 99, 135, 274, 129, 18, 89, 58, 282, 20, 283, 244, 195, 232, 247, 248, 228, 52, 251, 90, 147, 252, 254, 271, 120, 10, 184, 243, 87, 298, 8, 112, 19, 264, 221, 53, 88, 125, 139, 201, 63, 188, 289, 220, 158, 238, 279, 144, 128, 35, 150, 36, 103, 93, 107, 61, 287, 17, 276, 31, 142, 208, 216, 118, 166, 132, 42, 97, 280, 163, 113, 130, 65, 197, 250, 60, 104, 78, 230, 6, 30, 261, 27, 257, 70, 50, 255, 44, 218, 177, 286, 75, 133, 206, 171, 146, 169, 83, 102, 68, 73, 47, 170, 263, 85, 11, 273, 110, 258, 159, 225, 181, 281, 196, 207, 32, 80, 7, 180, 299, 54, 127, 267, 123, 95, 67, 48, 29, 191, 237, 100, 43, 5, 259, 200, 79, 3, 21, 268, 124, 38, 12, 45, 176, 23, 138, 266, 288, 39, 300, 28, 106, 115, 22, 98, 223, 260, 152, 114, 131, 34, 140, 292, 293, 143, 242, 155, 25, 109, 227, 185, 16, 253, 182, 92, 71, 137, 234, 262, 210, 256, 203, 9, 161, 84, 190, 77, 37, 240, 111, 62, 193, 46, 149, 213, 72, 162, 192, 174, 160, 145, 186, 231, 199, 219, 96, 239, 64, 294, 296, 82, 59, 148, 275, 235, 173, 183, 116, 269, 49, 236, 179, 1, 214, 136, 122, 209, 151, 91, 277, 55, 194, 265, 211, 290, 157, 285, 212, 74, 33, 117, 187, 246, 204, 156, 297, 167, 224, 215, 164, 198, 41, 40, 165, 51, 126, 4, 154, 76, 233, 278, 56, 121, 14, 66, 175, 86, 168, 141, 205, 108, 229, 24, 153, 172, 226, 26, 272, 119, 2, 15, 57, 134, 222, 270, 217, 245, 189, 105, 284, 101, 295, 241, 249, 81, 291, 178, 13, 69, 202, 94, 99, 135, 274, 129, 18, 89, 58, 282, 20, 283, 244, 195, 232, 247, 248, 228, 52, 251, 90, 147, 252, 254, 271, 120, 10, 184, 243, 87, 298, 8, 112, 19, 264, 221, 53, 88, 125, 139, 201, 63, 188, 289, 220, 158, 238, 279, 144, 128, 35, 150, 36, 103, 93, 107, 61, 287, 17, 276, 31, 142, 208, 216, 118, 166, 132, 42, 97, 280, 163, 113, 130, 65, 197, 250, 60, 104, 78, 230, 6, 30, 261, 27, 257, 70, 50, 255, 44, 218]
feasible: True